1.0
0.20776269999999997
nan nan nan nan nan nan nan nan nan nan nan nan nan nan nan nan nan nan nan nan nan nan nan nan nan nan nan nan nan nan nan nan
0.9
0.22590259999999995
nan nan nan nan nan nan nan nan nan nan nan nan nan nan nan nan nan nan nan nan nan nan nan nan nan nan nan nan nan nan nan nan
0.8
0.25814289999999973
nan nan nan nan nan nan nan nan nan nan nan nan nan nan nan nan nan nan nan nan nan nan nan nan nan nan nan nan nan nan nan nan
0.7000000000000001
0.32576479999999997
nan nan nan nan nan nan nan nan nan nan nan nan nan nan nan nan nan nan nan nan nan nan nan nan nan nan nan nan nan nan nan nan
0.6000000000000001
0.3764917000000003
0.6543236241123174 1.7112281615310234 -0.9233076812613462 1.5151093125843078 -1.3527674051586585 1.2073977516216754 -1.4337620595910603 -0.7265340310217111 -0.6757213634007517 -1.4217021241356516 1.6928005328840368 -0.6966948153825339 -0.7258961054766672 2.657750029373096 -1.7642487495290495 -0.2102435763337494 -2.3508367147163947 -1.6682077402987094 1.011085751989864 -0.9793089363230875 -2.429640145838336 0.25961057215932437 -0.8812562767795555 -1.5432868114515377 1.8016478585419526 -0.7624698383073489 0.15338899372706943 1.6559625722899365 0.7071230653690994 0.32883600757417664 -0.6052706301708394 1.4279935493298774
0.5000000000000001
0.48162410000000033
1.0585641824153085 -1.4477149468692119 1.219163069535294 1.435179376079496 -1.820816633771137 0.5579087367339838 -0.3919974917416728 -1.367896785333517 1.6322174554772442 1.2418390550779754 -0.8267969074350273 1.783731705401609 -0.4107753344972721 -1.6973336795643077 1.4570052391531043 -0.39478940905023474 -1.1097938776883731 2.0702905528299294 -1.8907535830442388 -0.4615822313838143 1.464600790584944 -0.10245594042965378 0.024886042822528903 1.4720052025281203 -1.7201313920769816 -0.9240094445885481 1.2341191217224432 -1.4770224019254405 0.11744187789799701 1.5290342075990786 -1.5468272268854004 -0.2266788340721081
0.40000000000000013
0.5180492000000001
-1.0336863833929628 1.1263436077847546 -0.9102326031070751 -1.416803035271824 2.194140832823806 -0.28532373525395643 0.712967937446493 1.7163270677411109 -1.168480364259384 -1.0557807684894305 1.3634322006450346 -0.995684739482172 0.3279750611576972 2.22977317740413 -1.6956091860595903 0.7592010836245352 1.0714142382619865 -1.1487248654799278 0.9889353675325043 1.3812133116729237 -2.1903991150385718 0.3182667731469489 -0.7254866515858385 -1.6920700946224814 1.1040224830562333 1.0480664975728815 -1.437957613321194 0.8978662518369915 -0.2767702682719823 -2.153645968973527 1.7097119110597583 -0.6768141727975194
0.30000000000000016
0.6932743000000006
0.6553106664646134 -1.9698981201424612 1.6360216870802873 1.1573941946746458 -1.576634871912322 0.6422574024351969 -0.8409377476558125 -1.0932716905041522 1.926243532782103 0.7055943101843313 -1.2256248445976161 1.5654430446355392 -0.7042061738427658 -1.5906205339707238 1.06936063437453 -0.8934259103563863 -0.7203392455504597 1.9400073958639064 -1.6253140240730468 -1.1469910310181575 1.5743041711320187 -0.6860600758018881 0.9204738073719467 1.0960372354459302 -1.987017852351963 -0.6717933270241343 1.0731123652489423 -1.6934160445262056 0.6261702720929965 1.5612065363361314 -1.1137764771887657 0.8726864902410856
0.20000000000000018
1.0901655000000003
-1.0289315028842894 1.9707135906512658 -1.87008370006331 -0.37643047752429815 1.9056476953153376 -0.5610034098113181 0.530385827339023 1.7040449893313172 -1.9053805878944277 -1.0672781616430145 0.3794890480843722 -1.788480846498096 0.32226035616079457 1.5086001706226535 -1.7188624079970747 -0.25475820841304997 0.9826242226679612 -1.688822871641495 1.5433410541532202 0.7498392036165237 -1.479782126944506 0.26726730518329794 0.35926521654966986 -1.668690896660647 1.81471483352007 0.9600661581538917 -0.6182304777940022 1.7186630132498284 -0.4829554828951603 -1.8747841570641695 1.682624125995711 -0.3896869945896991
0.1000000000000002
1.9992624
-0.6378607719132037 1.6268692108362361 -1.4803360749922923 -0.5668399245174401 1.5651530776089804 -0.6653311196845691 0.14012431755298083 1.8171717638541989 -1.8498165402541724 -0.47179178542603367 0.3074476873039839 -1.5703690783003532 0.6888555920895861 1.7791244912262547 -1.7205482412340336 0.592017490863617 0.5141283438528383 -1.840353322112891 1.648208633629047 0.22580931872216953 -1.8799005602733776 0.9573179187932973 -0.963129104472121 -1.603356345887812 1.689816626425305 0.6680705691040397 -0.28999008037345525 1.6126518889221302 -0.8814900196258795 -1.6476330818354687 1.7768942931538148 -0.5130280185887559
0.1
2.0328965
0.5852028307840534 -2.351107558616888 1.5883457844903566 1.065228140909328 -1.2760453967391965 0.3949840168606853 -1.1487791326511276 -1.2472038066736073 2.2440590535608624 0.8253038528869462 -1.4444731836795326 1.272840013351309 -0.5834700368737864 -1.4796506579353 1.0622290638115153 -1.2075562983142636 -1.097890035910385 1.976744275708459 -1.1400699032793289 -1.5426804798126037 1.448924033668066 -0.8115141035927528 1.426480494961002 0.9106084997927205 -2.1342662932176464 -0.8727877639102201 1.2497408363685454 -1.4295630441819511 0.6308489107168583 1.2364294611063449 -1.138899082063773 1.3967569992851077
0.09000000000000001
2.2679591000000006
-0.740987633643024 1.7680574399644633 -1.7759079994900384 -0.46070607099716826 1.6414734338753538 -0.6251739376135911 0.3438158258908135 1.6302843196210326 -1.774467536042883 -0.7033962092675793 0.4917780411905305 -1.7590387423772618 0.6372554229784344 1.7035251215275504 -1.6068035281782689 0.4571855853696971 0.6976633646519103 -1.822192493601177 1.8136657119751736 0.41089610440542357 -1.7801945575809242 0.7137176179590601 -0.6328624605764379 -1.5839701900759582 1.818663552992739 0.7344000358586626 -0.3724868906380534 1.8266267092583264 -0.701701768341643 -1.7200704616091202 1.606570935840472 -0.5287197114056281
0.08000000000000002
2.5529769999999985
0.7561322809184727 -1.5536493707197494 1.3343999349335163 0.9803883308749709 -1.9195863142092575 0.8613377719648893 -1.1285829917770072 -1.5301016964447727 1.8274066502547155 0.7650113214278502 -0.6457263691444222 1.629985010929802 -0.8521358815436313 -1.9935352185168218 1.4248679091375105 -1.2284293064267846 -0.7035465305520725 1.6363522024041406 -1.4535229690227207 -0.9082296115448034 1.8949943964166114 -0.7396065436787846 0.9905675241459089 1.5053616175144418 -1.3437956894382372 -0.6819434988343298 1.3063930862274729 -1.108158984231666 0.7746297893594606 1.8236164273561963 -1.542939609271506 0.8851134841686426
0.07000000000000002
2.9070819000000014
1.224859322190311 -1.7243331622955214 0.9659904220172224 1.630947135345128 -1.6043251657039939 1.0252744315242963 -1.3567631656053751 -0.7705254041781838 1.9755717682808562 0.9595363716589775 -1.1662975737717132 1.4890880130065873 -0.7037925116391213 -1.265642426697728 1.21648504538723 -1.3347529095009345 -0.4614099807431844 2.4090950882972306 -1.8393272212016407 -0.6291696129986182 1.2634357602102597 -0.2243727231551161 0.8522136338534416 1.33813721886687 -2.2114264887580135 -0.6624704168447343 1.4895194287509559 -1.2350095168232713 0.5196184852587574 1.583360498627976 -1.1458029388897093 0.9044787628294721
0.060000000000000026
3.633447499999999
-0.7157914821124548 1.7096083161265314 -1.703892870489679 -0.5344004321345284 1.6269893585911677 -0.5987997036763474 0.2603632272252301 1.677439646399678 -1.7760116175794087 -0.6495668075710145 0.494445587492172 -1.7227707445759197 0.6321269334993355 1.7478491351756147 -1.6334530723964198 0.49546014386232173 0.6609963544000446 -1.8153804571682854 1.7793762953318597 0.3924322751825071 -1.8209322538761368 0.7445066549919009 -0.6833419529653142 -1.6024988019730622 1.7652652480363051 0.7261714706971168 -0.39458240340830714 1.7705105279165745 -0.7031770155699794 -1.700796178516193 1.6558883793594097 -0.4553876271709273
0.05000000000000003
4.427949499999997
-0.6460715732424765 1.9961428937725194 -1.8462611604460262 -0.12399341243861609 1.4971793534010398 -0.6615052024853744 0.21011247328502555 1.6748199336632763 -1.974849043847357 -0.6247733014332116 0.17997496454464576 -1.8352475770026953 0.6885688968735157 1.550837864340033 -1.6450796599369506 0.3105212920932028 0.6175583475839136 -2.0171900602119606 1.8752040032597694 0.12040938773850407 -1.6276317658693 0.7631409604297739 -0.49368502450364343 -1.6182628065282472 2.0391679451198867 0.6367702004806486 -0.06335449053983241 1.8783362633627194 -0.7371592079927446 -1.5761770178851626 1.6460257868737782 -0.40176135590633716
0.040000000000000036
4.971067600000005
-0.5895039818508669 1.8395001828321913 -1.7290555477531628 -0.31987937182146076 1.8921050254817764 -0.8575424172229626 0.8785610030148447 1.5821879850127945 -1.7267157682000258 -0.7191220118203383 0.34356860838545056 -1.70703976151293 0.7821320487289405 1.6728358262491818 -1.7121915221461388 0.46444794398611944 0.6946265621668977 -1.6380417451206601 1.5851364755140405 0.6169521914069023 -1.5623471832182156 0.5912139534561174 -0.1237626768089896 -1.749440123547916 1.8105496759411064 0.5599043030018115 -0.44677151722857317 1.6536127223117174 -0.6306055813213569 -1.7763363468843434 1.6666574237264555 -0.5480406697471999
0.03000000000000004
7.761451899999997
-0.6121153747834246 2.15871614502484 -1.8903752615483385 0.0523663600737684 1.496104238358787 -0.6880267697055512 0.21733584162540023 1.6870269275403926 -2.1224118683665445 -0.6272900951861194 -0.021575988636076106 -1.868174077398387 0.5927113310647287 1.3899539800338492 -1.7215035744503004 -0.018793076219418725 0.6131697584153105 -2.082430642818401 1.8669321923524904 0.05729525392712668 -1.435086535757407 0.6138048246072823 -0.05772189544877013 -1.695423627738457 2.1205506572175645 0.6005617193460514 -0.021684890050284265 1.8992769549096442 -0.7077252186288799 -1.5392427006094214 1.6599114511658524 -0.2875319375769386
0.020000000000000046
10.347181599999999
-0.6222988462609019 2.2499899616434607 -1.869779602672387 0.09106344264072752 1.2814083656502115 -0.48473373904101597 -0.24928691491767796 1.740695643926335 -2.220553777632138 -0.6193533421148545 -0.04325804382074216 -1.8882568132599244 0.5069606304027309 1.3197536153834195 -1.7293216924127008 -0.18606302314864834 0.6097274669069467 -2.242830030475845 1.8987659862707718 -0.04938652358973495 -1.3966591121232423 0.5763692014020613 0.04359003225886599 -1.7100587182406928 2.271194835243497 0.6111993124205487 0.09361752571603024 1.876279429949575 -0.5541260643726649 -1.3589021172878855 1.7254288443365642 0.10724097626199615
0.01000000000000005
20.117958700000003
0.9052388595887537 -0.7749639248946177 1.5088586899458831 0.5720960163848603 -1.8573533872798695 1.8141297639425937 -1.1555113244524327 -1.389519873311817 0.8210071268617194 0.8991875200045771 -0.581012875387524 1.5231148991442467 -1.7971116784495207 -1.8348392260060975 1.4293487080896998 -1.1153635861859672 -0.8615003057727176 0.8229872464641657 -1.4976452616863183 -0.6360486752930437 1.835422418114618 -1.812033354593904 1.121398674880109 1.4143134723023234 -0.7756884201290595 -0.8685782593675104 0.6274056912739702 -1.4825755847624609 1.8309496118244741 1.8582137703260646 -1.371839690236246 1.161934996439175
0.01
22.956821299999998
0.7359936836184056 -0.8036153365512826 1.5211278671738047 0.6844807984131573 -1.9320376831992798 1.7356641806806534 -1.1286539237846323 -1.3933038265868967 0.781838040577938 0.7208108652291199 -0.7107749818829256 1.4870740931919189 -1.7478986126872595 -1.9440894754434372 1.3626333789661125 -1.1533261473450442 -0.740922906301797 0.743626113412057 -1.4941944205297737 -0.6745209228575291 1.9530381670420573 -1.7419685855057745 1.1754404634988307 1.3487521439107495 -0.7644914577608999 -0.7568416028437813 0.6504800415518165 -1.5273192416444312 1.730396060473539 1.9410833457695968 -1.3787039217839787 1.150824734542569
0.009000000000000001
25.2483304
0.7387266661031789 -0.7993615191395563 1.5351610464279033 0.7053829259702773 -1.9572381767413374 1.6770349321748346 -1.1219436610004971 -1.4068549226587825 0.8745058662849057 0.6646981593383596 -0.8154040733035602 1.4565388448898118 -1.7080757729851863 -1.9562407573897531 1.3967990136016342 -1.1051869904335858 -0.6636520914455146 0.7466451829462899 -1.3799863215411943 -0.8269980311414404 1.9992787904546778 -1.7230750496028207 1.205541356183159 1.2933296134181242 -0.6813174773761712 -0.7309172755587826 0.70356578043463 -1.4541838295069742 1.6829452284911155 1.996307799279932 -1.324862721547184 1.2158442315333757
0.008000000000000002
28.893216799999998
-0.261170938654213 2.551913629967209 -1.7715535686267632 -0.1957830082858306 1.0622900774026536 -0.27000064843382593 0.1222734562596202 1.634900383416618 -2.6093692106578033 -0.2581777192799645 0.0683126381837252 -1.7402453466657142 0.05351909784465262 0.904623618195289 -1.5478373933761718 0.13942524552443297 0.31799299527246383 -2.598238146370511 1.7864011293932576 -0.07706289103133562 -0.9697721500338453 -0.00038990780128594915 -0.33216878636095537 -1.601642729515809 2.5431270383137887 0.3167114703713698 -0.06087318324847302 1.8214029073782358 -0.2277583761192074 -1.1214161565769827 1.661466314125009 -0.35224235686650046
0.007000000000000003
32.2148423
0.8934729201292676 -0.7762267740529507 1.5116874604145487 0.5798512733789212 -1.8635370824993098 1.8072496443804753 -1.1480313219392897 -1.3947412891739936 0.8107807788899111 0.8896478268884803 -0.5858022347298641 1.5231307565213699 -1.7946711390648258 -1.8468279834453187 1.4249452144935735 -1.117819285907498 -0.8617176793489202 0.8135192793424862 -1.5038606418381408 -0.627187756291222 1.8469931685158887 -1.8056479398707754 1.1214966383650522 1.4144685250219686 -0.7782310503580778 -0.866130511370238 0.6214731725079876 -1.4919498584627755 1.8192888746731237 1.8638656841807748 -1.3827654453740148 1.1519341259852305
0.006000000000000004
38.0907897
0.5698142141668789 -0.8956040546105297 1.2369258594660646 1.0997147973656487 -2.0323577656594867 1.6029247595838865 -1.2414283063933225 -1.2586497692431935 0.8328730866178304 0.5689907319882115 -1.111189658493915 1.1990716426504013 -1.5951326500154077 -2.043200170647685 1.2304204247415376 -1.2790269472534195 -0.5892048744399924 0.7941376963339003 -1.2253137377184862 -1.0851789957484348 2.037941289709473 -1.5794384410130837 1.2819681643989629 1.2519295368017138 -0.8552901356334242 -0.5905835096416684 1.0761651680324678 -1.2655578195511095 1.588122556001923 2.0280186591172558 -1.2760891976786302 1.2460531827199193
0.0050000000000000044
45.26081349999998
-0.5785815045488232 2.194874948071127 -1.884291269281494 0.011424569362762468 1.2362358102007822 -0.4407078451142666 -0.2521813667679184 1.747004779674536 -2.2739449304313806 -0.5485252056916372 -0.031181183815507284 -1.9296192165446544 0.6963596966753209 1.4992048387122228 -1.6587661513885854 0.20665416807080153 0.5404929748263941 -2.367555215235328 1.8239611869712502 -0.15258761051071565 -1.3571584886644878 0.6029757740072307 0.033981416213953196 -1.7262128449299803 2.303015736141687 0.5893818926908888 0.18445154290951754 1.8219211299597733 -0.350831539749436 -1.088971284916683 1.7528315116966493 0.4786130890134068
0.004000000000000005
57.76734379999999
0.7309928338976762 -0.7914795315709567 1.5035559711589723 0.694708141493882 -1.9356415858225284 1.746860072338354 -1.1412619679673288 -1.3776902347140656 0.756670537745018 0.7384689469578147 -0.681161343693127 1.4944601411553435 -1.7485200326430215 -1.9469413969738545 1.3547711675575622 -1.1666407772353804 -0.7575908742692404 0.7553170244735024 -1.5194380155809324 -0.6494492583342166 1.9425309305561798 -1.7379035925612494 1.1590121343383375 1.3697758268353626 -0.7899162518264113 -0.7502389011994023 0.6626972928055742 -1.5289941731515106 1.7365914624086802 1.931405269335706 -1.3916933160245892 1.1339514647822222
0.003000000000000006
80.21316919999998
1.0208627857890593 -0.8439134818823294 1.3676515664195723 0.7661852967057983 -1.7524251848145367 1.851495339873166 -1.1681645547179125 -1.3613601063518797 0.8598302756904544 0.9844867946990372 -0.7988537089486354 1.3575118594284608 -1.8490154944712793 -1.7389688574313638 1.3598631098522753 -1.1583250951978927 -0.9711031266138306 0.8193288887123383 -1.3403838444016059 -0.8203639389374233 1.757632108705871 -1.8814516267629817 1.1921467925958176 1.3177697493249365 -0.804966437881012 -1.0065862173899447 0.7868735405624708 -1.3519632917079103 1.8827495343300233 1.7714486009413368 -1.3193432400116392 1.2032291206884806
0.002000000000000007
124.2211623
0.9383776257051342 -0.8524688653050693 1.4777165000721069 0.6323613843595384 -1.7951329611898295 1.8044865164305086 -1.1087132834613513 -1.433650015316904 0.8265011160859332 0.8921105701312951 -0.6973835284751055 1.4419285802402766 -1.8351710633260383 -1.8065865063571223 1.3913387856141919 -1.1375384498515781 -0.9205159467212336 0.769370374581619 -1.4377623053593385 -0.6622027127983334 1.8373126054554352 -1.8567991375228552 1.1851496802269337 1.3472467360140354 -0.7953001765271428 -0.9662408064704057 0.5996995304537212 -1.473076055709742 1.8241600178663093 1.8253553546240506 -1.3930146385675166 1.155027026226145
0.0010000000000000078
288.38414029999996
1.1242013679049583 -0.772175122085926 1.0012942822771578 1.5646497041050194 -1.596431086666208 1.958675671370644 -1.2556144546336945 -1.0899149565205581 0.7652586009765029 1.1221883132995882 -1.5659194130541687 0.9992662835646227 -1.9659688525446561 -1.5983734085377943 1.0829996751061186 -1.2598165271285593 -1.1282560151745409 0.7636326484694177 -1.002006306398979 -1.568030279616913 1.601188589382567 -1.9673396615092635 1.2603144964779196 1.0877763395071678 -0.7705229053379559 -1.1302851012675177 1.566746909300714 -1.0040281161024216 1.9600441015383026 1.599223778698681 -1.0947222122050346 1.256054895117664
