1
0.5648692000000002
2.7961411319665785e-07

2
1.3131634999999995
0.0003098708763268793

3
2.6023064
0.0001956021365666208

4
4.288785800000001
9.170214519240545e-05

5
6.518211000000001
116.92395280468816

6
9.138762200000002
216.06114022998122

7
12.302081800000003
506.2227944159231

8
15.922989299999998
282.405236934474

9
19.962211300000007
18.64850421105247

10
24.475881700000002
18.089374356492034

11
36.31471689999999
0

12
45.125173700000005
0

13
53.5563432
0

14
58.5900241
0

15
67.50577089999999
0

16
76.4935308
0

17
87.0047713
0

18
96.3889131
0

19
108.4853252
0

20
119.5973304
0

